n=4
c=4
0 1 2 3 4 5 6 7 8 
1 1 1 1 1 
0	0
1	2
2.5	0
4	2
5	0
h=0.4
t=0
0	0	0	0	0	0	0	
0	0	0	0	0	0	
0	0	0	0	0	
sum[0]=0
sum[1]=0
sumnw=0
x=-nan	y=-nan

t=0.4
0.4	0	0	0	0	0	0	
0.08	0	0	0	0	0	
0.0106667	0	0	0	0	
sum[0]=0
sum[1]=0
sumnw=0.0106667
x=0	y=0

t=0.8
0.8	0	0	0	0	0	0	
0.32	0	0	0	0	0	
0.0853333	0	0	0	0	
sum[0]=0
sum[1]=0
sumnw=0.0853333
x=0	y=0

t=1.2
0.8	0.2	0	0	0	0	0	
0.66	0.02	0	0	0	0	
0.282667	0.00133333	0	0	0	
sum[0]=0.00133333
sum[1]=0.00266667
sumnw=0.284
x=0.00469484	y=0.00938967

t=1.6
0.4	0.6	0	0	0	0	0	
0.74	0.18	0	0	0	0	
0.538667	0.036	0	0	0	
sum[0]=0.036
sum[1]=0.072
sumnw=0.574667
x=0.062645	y=0.12529

t=2
0	1	0	0	0	0	0	
0.5	0.5	0	0	0	0	
0.666667	0.166667	0	0	0	
sum[0]=0.166667
sum[1]=0.333333
sumnw=0.833333
x=0.2	y=0.4

t=2.4
0	0.6	0.4	0	0	0	0	
0.18	0.74	0.08	0	0	0	
0.538667	0.414667	0.0106667	0	0	
sum[0]=0.441333
sum[1]=0.829333
sumnw=0.964
x=0.457815	y=0.860304

t=2.8
0	0.2	0.8	0	0	0	0	
0.02	0.66	0.32	0	0	0	
0.282667	0.630667	0.0853333	0	0	
sum[0]=0.844
sum[1]=1.26133
sumnw=0.998667
x=0.845127	y=1.26302

t=3.2
0	0	0.8	0.2	0	0	0	
0	0.32	0.66	0.02	0	0	
0.0853333	0.630667	0.282667	0.00133333	0	
sum[0]=1.34267
sum[1]=1.264
sumnw=1
x=1.34267	y=1.264

t=3.6
0	0	0.4	0.6	0	0	0	
0	0.08	0.74	0.18	0	0	
0.0106667	0.414667	0.538667	0.036	0	
sum[0]=1.90533
sum[1]=0.901333
sumnw=1
x=1.90533	y=0.901333

t=4
0	0	4.44089e-16	1	0	0	0	
0	9.86076e-32	0.5	0.5	0	0	
1.45969e-47	0.166667	0.666667	0.166667	0	
sum[0]=2.5
sum[1]=0.666667
sumnw=1
x=2.5	y=0.666667

t=4.4
0	0	0	0.6	0.4	0	0	
0	0	0.18	0.74	0.08	0	
0	0.036	0.538667	0.414667	0.0106667	
sum[0]=3.09467
sum[1]=0.901333
sumnw=1
x=3.09467	y=0.901333

t=4.8
0	0	0	0.2	0.8	0	0	
0	0	0.02	0.66	0.32	0	
0	0.00133333	0.282667	0.630667	0.0853333	
sum[0]=3.65733
sum[1]=1.264
sumnw=1
x=3.65733	y=1.264

t=5.2
0	0	0	0	0.8	0.2	0	
0	0	0	0.32	0.66	0.02	
0	0	0.0853333	0.630667	0.282667	
sum[0]=4.14933
sum[1]=1.26133
sumnw=0.998667
x=4.15487	y=1.26302

t=5.6
0	0	0	0	0.4	0.6	0	
0	0	0	0.08	0.74	0.18	
0	0	0.0106667	0.414667	0.538667	
sum[0]=4.37867
sum[1]=0.829333
sumnw=0.964
x=4.54219	y=0.860304

t=6
0	0	0	0	0	1	8.88178e-16	
0	0	0	0	0.5	0.5	
0	0	0	0.166667	0.666667	
sum[0]=4
sum[1]=0.333333
sumnw=0.833333
x=4.8	y=0.4

t=6.4
0	0	0	0	0	0.6	0.4	
0	0	0	0	0.18	0.74	
0	0	0	0.036	0.538667	
sum[0]=2.83733
sum[1]=0.072
sumnw=0.574667
x=4.93735	y=0.12529

t=6.8
0	0	0	0	0	0.2	0.8	
0	0	0	0	0.02	0.66	
0	0	0	0.00133333	0.282667	
sum[0]=1.41867
sum[1]=0.00266667
sumnw=0.284
x=4.99531	y=0.00938967

t=7.2
0	0	0	0	0	0	0.8	
0	0	0	0	0	0.32	
0	0	0	0	0.0853333	
sum[0]=0.426667
sum[1]=0
sumnw=0.0853333
x=5	y=0

t=7.6
0	0	0	0	0	0	0.4	
0	0	0	0	0	0.08	
0	0	0	0	0.0106667	
sum[0]=0.0533333
sum[1]=0
sumnw=0.0106667
x=5	y=0

t=8
0	0	0	0	0	0	0	
0	0	0	0	0	0	
0	0	0	0	0	
0	0	0	0	1	
sum[0]=5
sum[1]=0
sumnw=1
x=5	y=0

