0
0.0163934
0.0327869
0.0491803
0.0655738
0.0819672
0.0983607
0.114754
0.131148
0.147541
0.163934
0.180328
0.196721
0.213115
0.229508
0.245902
0.262295
0.278689
0.295082
0.311475
0.327869
0.344262
0.360656
0.377049
0.393443
0.409836
0.42623
0.442623
0.459016
0.47541
0.491803
0.508197
0.52459
0.540984
0.557377
0.57377
0.590164
0.606557
0.622951
0.639344
0.655738
0.672131
0.688525
0.704918
0.721311
0.737705
0.754098
0.770492
0.786885
0.803279
0.819672
0.836066
0.852459
0.868852
0.885246
0.901639
0.918033
0.934426
0.95082
0.967213
0.983607
1
