0
0.00135804
0.00542325
0.0121462
0.0214471
0.0332266
0.0473451
0.0636511
0.0819654
0.102077
0.123773
0.146806
0.170935
0.195887
0.221387
0.247162
0.272923
0.298432
0.323833
0.348397
0.371867
0.393999
0.414567
0.433366
0.450223
0.465003
0.477618
0.488054
0.496418
0.503054
0.508736
0.514417
0.521014
0.529239
0.539382
0.551512
0.565592
0.581513
0.599157
0.618358
0.638944
0.660738
0.68354
0.707141
0.731776
0.756777
0.781835
0.806687
0.831062
0.854688
0.877312
0.898667
0.918525
0.936646
0.952822
0.966858
0.978586
0.987865
0.99458
0.998643
1
