n=7
c=3
0 0 0 0.154898 0.363105 0.511095 0.664813 0.872517 1 1 1 
1 1 1 1 1 1 1 1 
1.00851	2.39696e-05
0.899081	0.0273598
0.489671	0.135188
0.00503835	0.0754397
0.0514773	-0.0685706
0.553452	-0.0146091
0.918525	-0.00914478
1.00704	0.00121841
h=0.0104167
t=0
0	0	1	0	0	0	0	0	0	0	
0	1	0	0	0	0	0	0	0	
1	0	0	0	0	0	0	0	
Final=1 0 0 0 0 0 0 0 sumN=1
x=1.00851	y=2.39696e-05

t=0.0104167
0	0	1	0	0	0	0	0	0	0	
0	0.932751	0.0672486	0	0	0	0	0	0	
0.870025	0.128046	0.00192921	0	0	0	0	0	
Final=0.870025 0.128046 0.00192921 0 0 0 0 0 sumN=1
x=0.993497	y=0.00378496

t=0.0208333
0	0	1	0	0	0	0	0	0	0	
0	0.865503	0.134497	0	0	0	0	0	0	
0.749095	0.243188	0.00771684	0	0	0	0	0	
Final=0.749095 0.243188 0.00771684 0 0 0 0 0 sumN=1
x=0.977894	y=0.00771475

t=0.03125
0	0	1	0	0	0	0	0	0	0	
0	0.798254	0.201746	0	0	0	0	0	0	
0.63721	0.345427	0.0173629	0	0	0	0	0	
Final=0.63721 0.345427 0.0173629 0 0 0 0 0 sumN=1
x=0.961702	y=0.0118133

t=0.0416667
0	0	1	0	0	0	0	0	0	0	
0	0.731006	0.268994	0	0	0	0	0	0	
0.534369	0.434763	0.0308674	0	0	0	0	0	
Final=0.534369 0.434763 0.0308674 0 0 0 0 0 sumN=1
x=0.944919	y=0.0160807

t=0.0520833
0	0	1	0	0	0	0	0	0	0	
0	0.663757	0.336243	0	0	0	0	0	0	
0.440574	0.511196	0.0482302	0	0	0	0	0	
Final=0.440574 0.511196 0.0482302 0 0 0 0 0 sumN=1
x=0.927547	y=0.0205169

t=0.0625
0	0	1	0	0	0	0	0	0	0	
0	0.596509	0.403491	0	0	0	0	0	0	
0.355823	0.574726	0.0694516	0	0	0	0	0	
Final=0.355823 0.574726 0.0694516 0 0 0 0 0 sumN=1
x=0.909584	y=0.0251219

t=0.0729167
0	0	1	0	0	0	0	0	0	0	
0	0.52926	0.47074	0	0	0	0	0	0	
0.280116	0.625352	0.0945313	0	0	0	0	0	
Final=0.280116 0.625352 0.0945313 0 0 0 0 0 sumN=1
x=0.891032	y=0.0298957

t=0.0833333
0	0	1	0	0	0	0	0	0	0	
0	0.462012	0.537988	0	0	0	0	0	0	
0.213455	0.663076	0.123469	0	0	0	0	0	
Final=0.213455 0.663076 0.123469 0 0 0 0 0 sumN=1
x=0.87189	y=0.0348383

t=0.09375
0	0	1	0	0	0	0	0	0	0	
0	0.394763	0.605237	0	0	0	0	0	0	
0.155838	0.687896	0.156266	0	0	0	0	0	
Final=0.155838 0.687896 0.156266 0 0 0 0 0 sumN=1
x=0.852157	y=0.0399497

t=0.104167
0	0	1	0	0	0	0	0	0	0	
0	0.327514	0.672486	0	0	0	0	0	0	
0.107266	0.699813	0.192921	0	0	0	0	0	
Final=0.107266 0.699813 0.192921 0 0 0 0 0 sumN=1
x=0.831835	y=0.0452299

t=0.114583
0	0	1	0	0	0	0	0	0	0	
0	0.260266	0.739734	0	0	0	0	0	0	
0.0677383	0.698827	0.233434	0	0	0	0	0	
Final=0.0677383 0.698827 0.233434 0 0 0 0 0 sumN=1
x=0.810923	y=0.0506789

t=0.125
0	0	1	0	0	0	0	0	0	0	
0	0.193017	0.806983	0	0	0	0	0	0	
0.0372557	0.684938	0.277806	0	0	0	0	0	
Final=0.0372557 0.684938 0.277806 0 0 0 0 0 sumN=1
x=0.789421	y=0.0562967

t=0.135417
0	0	1	0	0	0	0	0	0	0	
0	0.125769	0.874231	0	0	0	0	0	0	
0.0158178	0.658146	0.326036	0	0	0	0	0	
Final=0.0158178 0.658146 0.326036 0 0 0 0 0 sumN=1
x=0.767329	y=0.0620833

t=0.145833
0	0	1	0	0	0	0	0	0	0	
0	0.0585202	0.94148	0	0	0	0	0	0	
0.00342462	0.61845	0.378125	0	0	0	0	0	
Final=0.00342462 0.61845 0.378125 0 0 0 0 0 sumN=1
x=0.744648	y=0.0680387

t=0.15625
0	0	0	1	0	0	0	0	0	0	
0	0	0.993506	0.00649354	0	0	0	0	0	
0	0.565984	0.433991	2.46472e-05	0	0	0	0	
Final=0 0.565984 0.433991 2.46472e-05 0 0 0 0 sumN=1
x=0.721379	y=0.0741574

t=0.166667
0	0	0	1	0	0	0	0	0	0	
0	0	0.943476	0.0565239	0	0	0	0	0	
0	0.510417	0.487716	0.00186754	0	0	0	0	
Final=0 0.510417 0.487716 0.00186754 0 0 0 0 sumN=1
x=0.697736	y=0.0800391

t=0.177083
0	0	0	1	0	0	0	0	0	0	
0	0	0.893446	0.106554	0	0	0	0	0	
0	0.45772	0.535644	0.00663661	0	0	0	0	
Final=0 0.45772 0.535644 0.00663661 0 0 0 0 sumN=1
x=0.67385	y=0.0854364

t=0.1875
0	0	0	1	0	0	0	0	0	0	
0	0	0.843415	0.156585	0	0	0	0	0	
0	0.407893	0.577775	0.0143319	0	0	0	0	
Final=0 0.407893 0.577775 0.0143319 0 0 0 0 sumN=1
x=0.649721	y=0.0903493

t=0.197917
0	0	0	1	0	0	0	0	0	0	
0	0	0.793385	0.206615	0	0	0	0	0	
0	0.360937	0.61411	0.0249533	0	0	0	0	
Final=0 0.360937 0.61411 0.0249533 0 0 0 0 sumN=1
x=0.625349	y=0.0947779

t=0.208333
0	0	0	1	0	0	0	0	0	0	
0	0	0.743355	0.256645	0	0	0	0	0	
0	0.316851	0.644648	0.038501	0	0	0	0	
Final=0 0.316851 0.644648 0.038501 0 0 0 0 sumN=1
x=0.600734	y=0.0987221

t=0.21875
0	0	0	1	0	0	0	0	0	0	
0	0	0.693324	0.306676	0	0	0	0	0	
0	0.275636	0.669389	0.0549748	0	0	0	0	
Final=0 0.275636 0.669389 0.0549748 0 0 0 0 sumN=1
x=0.575877	y=0.102182

t=0.229167
0	0	0	1	0	0	0	0	0	0	
0	0	0.643294	0.356706	0	0	0	0	0	
0	0.237292	0.688334	0.0743748	0	0	0	0	
Final=0 0.237292 0.688334 0.0743748 0 0 0 0 sumN=1
x=0.550776	y=0.105158

t=0.239583
0	0	0	1	0	0	0	0	0	0	
0	0	0.593264	0.406736	0	0	0	0	0	
0	0.201817	0.701482	0.096701	0	0	0	0	
Final=0 0.201817 0.701482 0.096701 0 0 0 0 sumN=1
x=0.525433	y=0.107649

t=0.25
0	0	0	1	0	0	0	0	0	0	
0	0	0.543233	0.456767	0	0	0	0	0	
0	0.169214	0.708833	0.121953	0	0	0	0	
Final=0 0.169214 0.708833 0.121953 0 0 0 0 sumN=1
x=0.499846	y=0.109655

t=0.260417
0	0	0	1	0	0	0	0	0	0	
0	0	0.493203	0.506797	0	0	0	0	0	
0	0.139481	0.710387	0.150132	0	0	0	0	
Final=0 0.139481 0.710387 0.150132 0 0 0 0 sumN=1
x=0.474017	y=0.111178

t=0.270833
0	0	0	1	0	0	0	0	0	0	
0	0	0.443173	0.556827	0	0	0	0	0	
0	0.112618	0.706145	0.181237	0	0	0	0	
Final=0 0.112618 0.706145 0.181237 0 0 0 0 sumN=1
x=0.447945	y=0.112216

t=0.28125
0	0	0	1	0	0	0	0	0	0	
0	0	0.393142	0.606858	0	0	0	0	0	
0	0.0886264	0.696106	0.215268	0	0	0	0	
Final=0 0.0886264 0.696106 0.215268 0 0 0 0 sumN=1
x=0.42163	y=0.11277

t=0.291667
0	0	0	1	0	0	0	0	0	0	
0	0	0.343112	0.656888	0	0	0	0	0	
0	0.0675049	0.68027	0.252225	0	0	0	0	
Final=0 0.0675049 0.68027 0.252225 0 0 0 0 sumN=1
x=0.395072	y=0.112839

t=0.302083
0	0	0	1	0	0	0	0	0	0	
0	0	0.293082	0.706918	0	0	0	0	0	
0	0.0492539	0.658638	0.292108	0	0	0	0	
Final=0 0.0492539 0.658638 0.292108 0 0 0 0 sumN=1
x=0.368271	y=0.112424

t=0.3125
0	0	0	1	0	0	0	0	0	0	
0	0	0.243051	0.756949	0	0	0	0	0	
0	0.0338734	0.631209	0.334918	0	0	0	0	
Final=0 0.0338734 0.631209 0.334918 0 0 0 0 sumN=1
x=0.341227	y=0.111525

t=0.322917
0	0	0	1	0	0	0	0	0	0	
0	0	0.193021	0.806979	0	0	0	0	0	
0	0.0213635	0.597983	0.380653	0	0	0	0	
Final=0 0.0213635 0.597983 0.380653 0 0 0 0 sumN=1
x=0.31394	y=0.110141

t=0.333333
0	0	0	1	0	0	0	0	0	0	
0	0	0.142991	0.857009	0	0	0	0	0	
0	0.0117241	0.558961	0.429315	0	0	0	0	
Final=0 0.0117241 0.558961 0.429315 0 0 0 0 sumN=1
x=0.286411	y=0.108273

t=0.34375
0	0	0	1	0	0	0	0	0	0	
0	0	0.0929604	0.90704	0	0	0	0	0	
0	0.00495517	0.514142	0.480903	0	0	0	0	
Final=0 0.00495517 0.514142 0.480903 0 0 0 0 sumN=1
x=0.258638	y=0.105921

t=0.354167
0	0	0	1	0	0	0	0	0	0	
0	0	0.04293	0.95707	0	0	0	0	0	
0	0.00105678	0.463526	0.535417	0	0	0	0	
Final=0 0.00105678 0.463526 0.535417 0 0 0 0 sumN=1
x=0.230623	y=0.103084

t=0.364583
0	0	0	0	1	0	0	0	0	0	
0	0	0	0.990011	0.00998941	0	0	0	0	
0	0	0.407213	0.592738	4.89469e-05	0	0	0	
Final=0 0 0.407213 0.592738 4.89469e-05 0 0 0 sumN=1
x=0.202389	y=0.0997629

t=0.375
0	0	0	0	1	0	0	0	0	0	
0	0	0	0.919623	0.0803771	0	0	0	0	
0	0	0.351368	0.645463	0.00316891	0	0	0	
Final=0 0 0.351368 0.645463 0.00316891 0 0 0 sumN=1
x=0.17547	y=0.095977

t=0.385417
0	0	0	0	1	0	0	0	0	0	
0	0	0	0.849235	0.150765	0	0	0	0	
0	0	0.299639	0.689212	0.0111492	0	0	0	
Final=0 0 0.299639 0.689212 0.0111492 0 0 0 sumN=1
x=0.150771	y=0.091737

t=0.395833
0	0	0	0	1	0	0	0	0	0	
0	0	0	0.778848	0.221152	0	0	0	0	
0	0	0.252027	0.723983	0.0239899	0	0	0	
Final=0 0 0.252027 0.723983 0.0239899 0 0 0 sumN=1
x=0.128293	y=0.0870431

t=0.40625
0	0	0	0	1	0	0	0	0	0	
0	0	0	0.70846	0.29154	0	0	0	0	
0	0	0.208532	0.749777	0.0416909	0	0	0	
Final=0 0 0.208532 0.749777 0.0416909 0 0 0 sumN=1
x=0.108036	y=0.0818952

t=0.416667
0	0	0	0	1	0	0	0	0	0	
0	0	0	0.638072	0.361928	0	0	0	0	
0	0	0.169154	0.766594	0.0642523	0	0	0	
Final=0 0 0.169154 0.766594 0.0642523 0 0 0 sumN=1
x=0.0899997	y=0.0762934

t=0.427083
0	0	0	0	1	0	0	0	0	0	
0	0	0	0.567685	0.432315	0	0	0	0	
0	0	0.133893	0.774433	0.0916741	0	0	0	
Final=0 0 0.133893 0.774433 0.0916741 0 0 0 sumN=1
x=0.0741843	y=0.0702375

t=0.4375
0	0	0	0	1	0	0	0	0	0	
0	0	0	0.497297	0.502703	0	0	0	0	
0	0	0.102748	0.773296	0.123956	0	0	0	
Final=0 0 0.102748 0.773296 0.123956 0 0 0 sumN=1
x=0.0605899	y=0.0637278

t=0.447917
0	0	0	0	1	0	0	0	0	0	
0	0	0	0.426909	0.573091	0	0	0	0	
0	0	0.0757205	0.763181	0.161099	0	0	0	
Final=0 0 0.0757205 0.763181 0.161099 0 0 0 sumN=1
x=0.0492162	y=0.056764

t=0.458333
0	0	0	0	1	0	0	0	0	0	
0	0	0	0.356522	0.643478	0	0	0	0	
0	0	0.0528098	0.744089	0.203102	0	0	0	
Final=0 0 0.0528098 0.744089 0.203102 0 0 0 sumN=1
x=0.0400635	y=0.0493463

t=0.46875
0	0	0	0	1	0	0	0	0	0	
0	0	0	0.286134	0.713866	0	0	0	0	
0	0	0.0340159	0.716019	0.249965	0	0	0	
Final=0 0 0.0340159 0.716019 0.249965 0 0 0 sumN=1
x=0.0331317	y=0.0414746

t=0.479167
0	0	0	0	1	0	0	0	0	0	
0	0	0	0.215747	0.784253	0	0	0	0	
0	0	0.0193388	0.678973	0.301688	0	0	0	
Final=0 0 0.0193388 0.678973 0.301688 0 0 0 sumN=1
x=0.0284207	y=0.0331489

t=0.489583
0	0	0	0	1	0	0	0	0	0	
0	0	0	0.145359	0.854641	0	0	0	0	
0	0	0.0087786	0.632949	0.358272	0	0	0	
Final=0 0 0.0087786 0.632949 0.358272 0 0 0 sumN=1
x=0.0259305	y=0.0243693

t=0.5
0	0	0	0	1	0	0	0	0	0	
0	0	0	0.0749713	0.925029	0	0	0	0	
0	0	0.00233524	0.577948	0.419716	0	0	0	
Final=0 0 0.00233524 0.577948 0.419716 0 0 0 sumN=1
x=0.0256613	y=0.0151357

t=0.510417
0	0	0	0	1	0	0	0	0	0	
0	0	0	0.00458364	0.995416	0	0	0	0	
0	0	8.72898e-06	0.51397	0.486021	0	0	0	
Final=0 0 8.72898e-06 0.51397 0.486021 0 0 0 sumN=1
x=0.0276129	y=0.00544818

t=0.520833
0	0	0	0	0	1	0	0	0	0	
0	0	0	0	0.936648	0.0633519	0	0	0	
0	0	0	0.446983	0.55131	0.00170699	0	0	
Final=0 0 0 0.446983 0.55131 0.00170699 0 0 sumN=1
x=0.0315768	y=-0.00410837

t=0.53125
0	0	0	0	0	1	0	0	0	0	
0	0	0	0	0.868883	0.131117	0	0	0	
0	0	0	0.384646	0.608043	0.00731183	0	0	
Final=0 0 0 0.384646 0.608043 0.00731183 0 0 sumN=1
x=0.0372851	y=-0.0127831

t=0.541667
0	0	0	0	0	1	0	0	0	0	
0	0	0	0	0.801118	0.198882	0	0	0	
0	0	0	0.326988	0.656189	0.0168228	0	0	
Final=0 0 0 0.326988 0.656189 0.0168228 0 0 sumN=1
x=0.044737	y=-0.0205732

t=0.552083
0	0	0	0	0	1	0	0	0	0	
0	0	0	0	0.733354	0.266646	0	0	0	
0	0	0	0.274009	0.695751	0.03024	0	0	
Final=0 0 0 0.274009 0.695751 0.03024 0 0 sumN=1
x=0.0539323	y=-0.0274787

t=0.5625
0	0	0	0	0	1	0	0	0	0	
0	0	0	0	0.665589	0.334411	0	0	0	
0	0	0	0.22571	0.726727	0.0475632	0	0	
Final=0 0 0 0.22571 0.726727 0.0475632 0 0 sumN=1
x=0.0648711	y=-0.0334995

t=0.572917
0	0	0	0	0	1	0	0	0	0	
0	0	0	0	0.597824	0.402176	0	0	0	
0	0	0	0.182089	0.749118	0.0687927	0	0	
Final=0 0 0 0.182089 0.749118 0.0687927 0 0 sumN=1
x=0.0775534	y=-0.0386357

t=0.583333
0	0	0	0	0	1	0	0	0	0	
0	0	0	0	0.530059	0.469941	0	0	0	
0	0	0	0.143149	0.762923	0.0939282	0	0	
Final=0 0 0 0.143149 0.762923 0.0939282 0 0 sumN=1
x=0.0919792	y=-0.0428872

t=0.59375
0	0	0	0	0	1	0	0	0	0	
0	0	0	0	0.462295	0.537705	0	0	0	
0	0	0	0.108887	0.768143	0.12297	0	0	
Final=0 0 0 0.108887 0.768143 0.12297 0 0 sumN=1
x=0.108149	y=-0.0462541

t=0.604167
0	0	0	0	0	1	0	0	0	0	
0	0	0	0	0.39453	0.60547	0	0	0	
0	0	0	0.0793044	0.764778	0.155918	0	0	
Final=0 0 0 0.0793044 0.764778 0.155918 0 0 sumN=1
x=0.126061	y=-0.0487364

t=0.614583
0	0	0	0	0	1	0	0	0	0	
0	0	0	0	0.326765	0.673235	0	0	0	
0	0	0	0.0544013	0.752827	0.192772	0	0	
Final=0 0 0 0.0544013 0.752827 0.192772 0 0 sumN=1
x=0.145718	y=-0.050334

t=0.625
0	0	0	0	0	1	0	0	0	0	
0	0	0	0	0.259	0.741	0	0	0	
0	0	0	0.0341773	0.732291	0.233532	0	0	
Final=0 0 0 0.0341773 0.732291 0.233532 0 0 sumN=1
x=0.167117	y=-0.051047

t=0.635417
0	0	0	0	0	1	0	0	0	0	
0	0	0	0	0.191235	0.808765	0	0	0	
0	0	0	0.0186327	0.703169	0.278198	0	0	
Final=0 0 0 0.0186327 0.703169 0.278198 0 0 sumN=1
x=0.19026	y=-0.0508753

t=0.645833
0	0	0	0	0	1	0	0	0	0	
0	0	0	0	0.123471	0.876529	0	0	0	
0	0	0	0.00776722	0.665462	0.326771	0	0	
Final=0 0 0 0.00776722 0.665462 0.326771 0 0 sumN=1
x=0.215147	y=-0.049819

t=0.65625
0	0	0	0	0	1	0	0	0	0	
0	0	0	0	0.0557059	0.944294	0	0	0	
0	0	0	0.00158103	0.61917	0.379249	0	0	
Final=0 0 0 0.00158103 0.61917 0.379249 0 0 sumN=1
x=0.241777	y=-0.0478781

t=0.666667
0	0	0	0	0	0	1	0	0	0	
0	0	0	0	0	0.991075	0.00892456	0	0	
0	0	0	0	0.564474	0.435477	4.9355e-05	0	
Final=0 0 0 0 0.564474 0.435477 4.9355e-05 0 sumN=1
x=0.270119	y=-0.0450687

t=0.677083
0	0	0	0	0	0	1	0	0	0	
0	0	0	0	0	0.940924	0.0590761	0	0	
0	0	0	0	0.508791	0.489047	0.00216262	0	
Final=0 0 0 0 0.508791 0.489047 0.00216262 0 sumN=1
x=0.298841	y=-0.0420524

t=0.6875
0	0	0	0	0	0	1	0	0	0	
0	0	0	0	0	0.890772	0.109228	0	0	
0	0	0	0	0.455999	0.536608	0.00739302	0	
Final=0 0 0 0 0.455999 0.536608 0.00739302 0 sumN=1
x=0.327251	y=-0.0391751

t=0.697917
0	0	0	0	0	0	1	0	0	0	
0	0	0	0	0	0.840621	0.159379	0	0	
0	0	0	0	0.406098	0.578162	0.0157406	0	
Final=0 0 0 0 0.406098 0.578162 0.0157406 0 sumN=1
x=0.355348	y=-0.0364367

t=0.708333
0	0	0	0	0	0	1	0	0	0	
0	0	0	0	0	0.790469	0.209531	0	0	
0	0	0	0	0.359088	0.613707	0.0272052	0	
Final=0 0 0 0 0.359088 0.613707 0.0272052 0 sumN=1
x=0.383131	y=-0.0338373

t=0.71875
0	0	0	0	0	0	1	0	0	0	
0	0	0	0	0	0.740318	0.259682	0	0	
0	0	0	0	0.314968	0.643245	0.041787	0	
Final=0 0 0 0 0.314968 0.643245 0.041787 0 sumN=1
x=0.410601	y=-0.0313769

t=0.729167
0	0	0	0	0	0	1	0	0	0	
0	0	0	0	0	0.690166	0.309834	0	0	
0	0	0	0	0.27374	0.666774	0.059486	0	
Final=0 0 0 0 0.27374 0.666774 0.059486 0 sumN=1
x=0.437758	y=-0.0290555

t=0.739583
0	0	0	0	0	0	1	0	0	0	
0	0	0	0	0	0.640015	0.359985	0	0	
0	0	0	0	0.235402	0.684296	0.080302	0	
Final=0 0 0 0 0.235402 0.684296 0.080302 0 sumN=1
x=0.464602	y=-0.026873

t=0.75
0	0	0	0	0	0	1	0	0	0	
0	0	0	0	0	0.589863	0.410137	0	0	
0	0	0	0	0.199955	0.695809	0.104235	0	
Final=0 0 0 0 0.199955 0.695809 0.104235 0 sumN=1
x=0.491133	y=-0.0248294

t=0.760417
0	0	0	0	0	0	1	0	0	0	
0	0	0	0	0	0.539712	0.460288	0	0	
0	0	0	0	0.1674	0.701315	0.131286	0	
Final=0 0 0 0 0.1674 0.701315 0.131286 0 sumN=1
x=0.51735	y=-0.0229248

t=0.770833
0	0	0	0	0	0	1	0	0	0	
0	0	0	0	0	0.48956	0.51044	0	0	
0	0	0	0	0.137735	0.700812	0.161453	0	
Final=0 0 0 0 0.137735 0.700812 0.161453 0 sumN=1
x=0.543255	y=-0.0211592

t=0.78125
0	0	0	0	0	0	1	0	0	0	
0	0	0	0	0	0.439409	0.560591	0	0	
0	0	0	0	0.11096	0.694302	0.194738	0	
Final=0 0 0 0 0.11096 0.694302 0.194738 0 sumN=1
x=0.568846	y=-0.0195326

t=0.791667
0	0	0	0	0	0	1	0	0	0	
0	0	0	0	0	0.389257	0.610743	0	0	
0	0	0	0	0.0870771	0.681783	0.231139	0	
Final=0 0 0 0 0.0870771 0.681783 0.231139 0 sumN=1
x=0.594124	y=-0.0180449

t=0.802083
0	0	0	0	0	0	1	0	0	0	
0	0	0	0	0	0.339106	0.660894	0	0	
0	0	0	0	0.0660847	0.663257	0.270658	0	
Final=0 0 0 0 0.0660847 0.663257 0.270658 0 sumN=1
x=0.619089	y=-0.0166962

t=0.8125
0	0	0	0	0	0	1	0	0	0	
0	0	0	0	0	0.288954	0.711046	0	0	
0	0	0	0	0.0479832	0.638722	0.313294	0	
Final=0 0 0 0 0.0479832 0.638722 0.313294 0 sumN=1
x=0.643741	y=-0.0154864

t=0.822917
0	0	0	0	0	0	1	0	0	0	
0	0	0	0	0	0.238803	0.761197	0	0	
0	0	0	0	0.0327725	0.60818	0.359047	0	
Final=0 0 0 0 0.0327725 0.60818 0.359047 0 sumN=1
x=0.66808	y=-0.0144156

t=0.833333
0	0	0	0	0	0	1	0	0	0	
0	0	0	0	0	0.188651	0.811349	0	0	
0	0	0	0	0.0204527	0.57163	0.407918	0	
Final=0 0 0 0 0.0204527 0.57163 0.407918 0 sumN=1
x=0.692105	y=-0.0134838

t=0.84375
0	0	0	0	0	0	1	0	0	0	
0	0	0	0	0	0.1385	0.8615	0	0	
0	0	0	0	0.0110238	0.529071	0.459905	0	
Final=0 0 0 0 0.0110238 0.529071 0.459905 0 sumN=1
x=0.715817	y=-0.0126909

t=0.854167
0	0	0	0	0	0	1	0	0	0	
0	0	0	0	0	0.0883485	0.911652	0	0	
0	0	0	0	0.00448568	0.480505	0.51501	0	
Final=0 0 0 0 0.00448568 0.480505 0.51501 0 sumN=1
x=0.739216	y=-0.012037

t=0.864583
0	0	0	0	0	0	1	0	0	0	
0	0	0	0	0	0.038197	0.961803	0	0	
0	0	0	0	0.000838472	0.42593	0.573231	0	
Final=0 0 0 0 0.000838472 0.42593 0.573231 0 sumN=1
x=0.762302	y=-0.011522

t=0.875
0	0	0	0	0	0	0	1	0	0	
0	0	0	0	0	0	0.980523	0.0194771	0	
0	0	0	0	0	0.365663	0.633958	0.000379358	
Final=0 0 0 0 0 0.365663 0.633958 0.000379358 sumN=1
x=0.785065	y=-0.0111389

t=0.885417
0	0	0	0	0	0	0	1	0	0	
0	0	0	0	0	0	0.898813	0.101187	0	
0	0	0	0	0	0.307258	0.682503	0.0102389	
Final=0 0 0 0 0 0.307258 0.682503 0.0102389 sumN=1
x=0.80726	y=-0.0107176

t=0.895833
0	0	0	0	0	0	0	1	0	0	
0	0	0	0	0	0	0.817102	0.182898	0	
0	0	0	0	0	0.253932	0.712616	0.0334515	
Final=0 0 0 0 0 0.253932 0.712616 0.0334515 sumN=1
x=0.828782	y=-0.0101857

t=0.90625
0	0	0	0	0	0	0	1	0	0	
0	0	0	0	0	0	0.735392	0.264608	0	
0	0	0	0	0	0.205685	0.724297	0.0700173	
Final=0 0 0 0 0 0.205685 0.724297 0.0700173 sumN=1
x=0.849632	y=-0.00954311

t=0.916667
0	0	0	0	0	0	0	1	0	0	
0	0	0	0	0	0	0.653682	0.346318	0	
0	0	0	0	0	0.162517	0.717547	0.119936	
Final=0 0 0 0 0 0.162517 0.717547 0.119936 sumN=1
x=0.869811	y=-0.0087899

t=0.927083
0	0	0	0	0	0	0	1	0	0	
0	0	0	0	0	0	0.571972	0.428028	0	
0	0	0	0	0	0.124427	0.692365	0.183208	
Final=0 0 0 0 0 0.124427 0.692365 0.183208 sumN=1
x=0.889317	y=-0.00792607

t=0.9375
0	0	0	0	0	0	0	1	0	0	
0	0	0	0	0	0	0.490261	0.509739	0	
0	0	0	0	0	0.0914157	0.648751	0.259833	
Final=0 0 0 0 0 0.0914157 0.648751 0.259833 sumN=1
x=0.908151	y=-0.0069516

t=0.947917
0	0	0	0	0	0	0	1	0	0	
0	0	0	0	0	0	0.408551	0.591449	0	
0	0	0	0	0	0.0634831	0.586705	0.349812	
Final=0 0 0 0 0 0.0634831 0.586705 0.349812 sumN=1
x=0.926313	y=-0.00586651

t=0.958333
0	0	0	0	0	0	0	1	0	0	
0	0	0	0	0	0	0.326841	0.673159	0	
0	0	0	0	0	0.0406292	0.506228	0.453143	
Final=0 0 0 0 0 0.0406292 0.506228 0.453143 sumN=1
x=0.943802	y=-0.00467078

t=0.96875
0	0	0	0	0	0	0	1	0	0	
0	0	0	0	0	0	0.245131	0.754869	0	
0	0	0	0	0	0.0228539	0.407318	0.569828	
Final=0 0 0 0 0 0.0228539 0.407318 0.569828 sumN=1
x=0.96062	y=-0.00336443

t=0.979167
0	0	0	0	0	0	0	1	0	0	
0	0	0	0	0	0	0.16342	0.83658	0	
0	0	0	0	0	0.0101573	0.289977	0.699865	
Final=0 0 0 0 0 0.0101573 0.289977 0.699865 sumN=1
x=0.976765	y=-0.00194745

t=0.989583
0	0	0	0	0	0	0	1	0	0	
0	0	0	0	0	0	0.0817102	0.91829	0	
0	0	0	0	0	0.00253932	0.154205	0.843256	
Final=0 0 0 0 0 0.00253932 0.154205 0.843256 sumN=1
x=0.992239	y=-0.000419833

t=1
0	0	0	0	0	0	0	1	0	0	
0	0	0	0	0	0	1.13214e-14	1	0	
0	0	0	0	0	4.87492e-29	2.26429e-14	1	
Final=0 0 0 0 0 4.87492e-29 2.26429e-14 1 sumN=1
x=1.00704	y=0.00121841

